spawns:
  default:
    world: dd708c59-a9a2-4022-87a4-fab30985f6b3
    x: 414.4605500789553
    y: 64.0
    z: -177.56096089133257
    yaw: -119.21571350097656
    pitch: 26.0217342376709
