world: dd708c59-a9a2-4022-87a4-fab30985f6b3
x: 302.34143132958513
y: 66.0
z: -87.44613613666438
yaw: -90.26583862304688
pitch: 3.9717674255371094
name: home_flurbudurbur
lastowner: 2214115f-fb07-49da-a954-8c757801be03
